Omega_c: 2.664315e-01
Omega_b: 4.916850e-02
Omega_m: 3.15600e-01
Omega_k: 0.000000e+00
k_sign: 0
w0: -1.000000e+00
wa: 0.000000e+00
H0: 6.727000e+01
h: 6.727000e-01
Neff: 3.046000e+00
N_nu_mass: 0
N_nu_rel: 3.046000e+00
sum_nu_masses: 0.000000e+00
Omega_nu_mass: 0.000000e+00
Omega_nu_rel: 0.000000e+00
A_s: nan
n_s: 9.645000e-01
Omega_g: 0.000000e+00
T_CMB: 2.725000e+00
bcm_log10Mc: 0.000000e+00
bcm_etab: 0.000000e+00
bcm_ks: 0.000000e+00
mu_0: 0.000000e+00
sigma_0: 0.000000e+00
sigma8: 8.310000e-01
Omega_l: 6.844000e-01
z_star: nan
has_mgrowth: 0
nz_mgrowth: 0
